[gd_scene load_steps=5 format=3 uid="uid://brr18xr3icu4j"]

[ext_resource type="PackedScene" uid="uid://cqdaf11yyhnyb" path="res://assets/models/border/raw/fence.glb" id="1_h0mbe"]
[ext_resource type="Texture2D" uid="uid://drolkqf8lehxr" path="res://assets/textures/borders/barbwire.png" id="2_24wsj"]

[sub_resource type="StandardMaterial3D" id="StandardMaterial3D_altpa"]
transparency = 2
alpha_scissor_threshold = 0.736
alpha_antialiasing_mode = 2
alpha_antialiasing_edge = 0.0
albedo_texture = ExtResource("2_24wsj")

[sub_resource type="BoxShape3D" id="BoxShape3D_h0mbe"]
size = Vector3(1, 3.7763672, 11.572191)

[node name="fence" instance=ExtResource("1_h0mbe")]

[node name="Plane" parent="." index="0"]
surface_material_override/0 = SubResource("StandardMaterial3D_altpa")

[node name="CollisionShape3D" type="CollisionShape3D" parent="Plane" index="0"]
transform = Transform3D(0.56325203, 0, 0.8262851, 0, 1, 0, -0.8262851, 0, 0.56325203, 3.2435443, 1.3881841, -11.888768)
shape = SubResource("BoxShape3D_h0mbe")

[node name="CollisionShape3D2" type="CollisionShape3D" parent="Plane" index="1"]
transform = Transform3D(0.997236, 0, -0.07429992, 0, 1, 0, 0.07429992, 0, 0.997236, 6.600598, 1.3881836, -5.9338555)
shape = SubResource("BoxShape3D_h0mbe")

[node name="CollisionShape3D3" type="CollisionShape3D" parent="Plane" index="2"]
transform = Transform3D(0.96218956, 0, -0.27238095, 0, 1, 0, 0.27238095, 0, 0.96218956, -18.388964, 1.3881834, -5.225784)
shape = SubResource("BoxShape3D_h0mbe")

[node name="CollisionShape3D4" type="CollisionShape3D" parent="Plane" index="3"]
transform = Transform3D(0.35771614, 0, -0.9338304, 0, 1, 0, 0.9338304, 0, 0.35771614, -12.929324, 1.3881829, -11.560877)
shape = SubResource("BoxShape3D_h0mbe")
