[gd_scene load_steps=27 format=3 uid="uid://cqttd845lqbw2"]

[ext_resource type="Script" uid="uid://6v0l2fk68qyi" path="res://scenes/levels/fabric_blockout.gd" id="1_4d3ts"]
[ext_resource type="PackedScene" uid="uid://bbck6ynukyxtp" path="res://scenes/utilities/player_controller.tscn" id="2_k3gsl"]
[ext_resource type="PackedScene" uid="uid://dkdm20efngy2d" path="res://scenes/levels/fabric-blockout_old.tscn" id="2_wbvmf"]
[ext_resource type="AudioStream" uid="uid://bs7bstle7lybp" path="res://assets/sfx/OutdoorAmbience.mp3" id="4_fxuma"]
[ext_resource type="Script" uid="uid://coc712db3eq6g" path="res://scenes/sound/RoomArea.gd" id="4_srpf7"]
[ext_resource type="Script" uid="uid://bxgpxcfc0b5tp" path="res://scenes/sound/OutdoorAmbientPlayer.gd" id="6_mqldn"]
[ext_resource type="Script" uid="uid://bxau48rj4bi6m" path="res://scenes/sound/CourtyardAmbientPlayer.gd" id="7_7l64u"]
[ext_resource type="Script" uid="uid://sdgnxbg5gmdi" path="res://scenes/sound/EntranceAmbientPlayer.gd" id="7_mqldn"]
[ext_resource type="AudioStream" uid="uid://co7rrvhehlith" path="res://assets/sfx/HallwayAmbience.mp3" id="8_m752w"]
[ext_resource type="AudioStream" uid="uid://debqhogdvjkrm" path="res://assets/sfx/Entrance2Ambience.mp3" id="9_c228y"]
[ext_resource type="AudioStream" uid="uid://cgkwbuoyf4x50" path="res://assets/sfx/CourtyardAmbience.mp3" id="9_m752w"]
[ext_resource type="AudioStream" uid="uid://jq28mnf5rqjd" path="res://assets/sfx/BasementAmbience.mp3" id="10_mxak7"]
[ext_resource type="AudioStream" uid="uid://cai6nnr8q8cmt" path="res://assets/sfx/CameraRoom2Ambience.mp3" id="11_0go4e"]
[ext_resource type="PackedScene" uid="uid://cshkbl1rcpcvp" path="res://scenes/utilities/npc.tscn" id="11_m752w"]
[ext_resource type="Script" uid="uid://drs657y2a6jsu" path="res://scenes/sound/HallwayAmbientPlayer.gd" id="11_nom3i"]
[ext_resource type="AudioStream" uid="uid://coyu4i5ik4s4c" path="res://assets/sfx/StairwellAmbience.mp3" id="12_m0x24"]
[ext_resource type="Script" uid="uid://b1velas27rph0" path="res://scenes/sound/BasementAmbientPlayer.gd" id="13_yl0if"]
[ext_resource type="Script" uid="uid://13sj5k7f780t" path="res://scenes/sound/Cam2AmbientPlayer.gd" id="15_qjc2r"]
[ext_resource type="Script" uid="uid://cbkgrq8tip08m" path="res://scenes/sound/StairwellAmbientPlayer.gd" id="17_jksws"]

[sub_resource type="BoxShape3D" id="BoxShape3D_fxuma"]
size = Vector3(5.6073, 1.2811279, 2.5268555)

[sub_resource type="BoxShape3D" id="BoxShape3D_srpf7"]

[sub_resource type="ViewportTexture" id="ViewportTexture_wbvmf"]
viewport_path = NodePath("1cam/CSGBox3D2/Sprite3D1/SubViewport")

[sub_resource type="ConcavePolygonShape3D" id="ConcavePolygonShape3D_m752w"]
data = PackedVector3Array(-0.2685547, -0.4199829, 0.5, -0.2685547, -0.4199829, -0.5, -0.2685547, 0.4199829, -0.5, 0.2685547, -0.4199829, -0.5, -0.2685547, -0.4199829, -0.5, -0.2685547, -0.4199829, 0.5, -0.2685547, 0.4199829, -0.5, -0.2685547, -0.4199829, -0.5, 0.2685547, -0.4199829, -0.5, -0.2685547, 0.4199829, -0.5, -0.2685547, 0.4199829, 0.5, -0.2685547, -0.4199829, 0.5, -0.2685547, -0.4199829, 0.5, -0.2685547, 0.4199829, 0.5, 0.2685547, 0.4199829, 0.5, 0.2685547, 0.4199829, 0.5, -0.2685547, 0.4199829, 0.5, -0.2685547, 0.4199829, -0.5, -0.2685547, -0.4199829, 0.5, 0.2685547, -0.4199829, 0.5, 0.2685547, -0.4199829, -0.5, 0.2685547, 0.4199829, 0.5, 0.2685547, -0.4199829, 0.5, -0.2685547, -0.4199829, 0.5, 0.2685547, -0.4199829, -0.5, 0.2685547, -0.4199829, 0.5, 0.2685547, 0.4199829, 0.5, 0.2685547, -0.4199829, -0.5, 0.2685547, 0.4199829, -0.5, -0.2685547, 0.4199829, -0.5, -0.2685547, 0.4199829, -0.5, 0.2685547, 0.4199829, -0.5, 0.2685547, 0.4199829, 0.5, 0.2685547, 0.4199829, 0.5, 0.2685547, 0.4199829, -0.5, 0.2685547, -0.4199829, -0.5)

[sub_resource type="ViewportTexture" id="ViewportTexture_7ax8x"]
viewport_path = NodePath("2cam/CSGBox3D2/Sprite3D3/SubViewport")

[sub_resource type="ViewportTexture" id="ViewportTexture_k1fi4"]
viewport_path = NodePath("cam3/CSGBox3D2/Sprite3D/SubViewport")

[sub_resource type="ViewportTexture" id="ViewportTexture_mxak7"]
viewport_path = NodePath("cam4/CSGBox3D2/Sprite3D/SubViewport")

[node name="FabricBlockout" type="Node3D"]
script = ExtResource("1_4d3ts")

[node name="FabricBlockout_old" parent="." instance=ExtResource("2_wbvmf")]

[node name="AudioManager" type="Node" parent="."]

[node name="OutdoorReverbZone" type="Area3D" parent="AudioManager"]
transform = Transform3D(1, 0, 0, 0, 1, 0, 0, 0, 1, -11.603569, 1.7331916, -8.874054)
reverb_bus_enabled = true
reverb_bus_name = &"SFXReverb"
reverb_bus_amount = 1.0

[node name="CollisionShape3D" type="CollisionShape3D" parent="AudioManager/OutdoorReverbZone"]
transform = Transform3D(2.79241, 0, 0, 0, 2.0380175, 0, 0, 0, 10.629264, -1.9744911, -0.32483077, -3.7957573)
shape = SubResource("BoxShape3D_fxuma")

[node name="OutdoorAmbience" type="Area3D" parent="AudioManager" node_paths=PackedStringArray("ambient_player")]
transform = Transform3D(-2.4703019, 0, 1.5099579e-06, 0, 4.741, 0, -3.7300526e-07, 0, -9.999999, -13.765028, 1.887105, -13.605251)
script = ExtResource("4_srpf7")
ambient_player = NodePath("AmbientPlayer")

[node name="CollisionShape3D" type="CollisionShape3D" parent="AudioManager/OutdoorAmbience"]
transform = Transform3D(5.97, 0, 0, 0, 3.347, 0, 0, 0, 3.692, -0.19262695, -0.03813526, 0)
shape = SubResource("BoxShape3D_srpf7")

[node name="AmbientPlayer" type="AudioStreamPlayer" parent="AudioManager/OutdoorAmbience"]
stream = ExtResource("4_fxuma")
volume_db = -45.333
script = ExtResource("6_mqldn")

[node name="CourtyardAmbience" type="Area3D" parent="AudioManager" node_paths=PackedStringArray("ambient_player")]
transform = Transform3D(-3.5542443, 0, 6.1379797e-07, 0, 0.9844049, 0, -5.366759e-07, 0, -4.064999, 3.5471635, 1.6918367, -16.757206)
script = ExtResource("4_srpf7")
ambient_player = NodePath("AmbientPlayer")

[node name="CollisionShape3D" type="CollisionShape3D" parent="AudioManager/CourtyardAmbience"]
transform = Transform3D(5.97, 0, 0, 0, 3.347, 0, 0, 0, 3.692, -0.19262695, -0.03813526, 0)
shape = SubResource("BoxShape3D_srpf7")

[node name="AmbientPlayer" type="AudioStreamPlayer" parent="AudioManager/CourtyardAmbience"]
stream = ExtResource("9_m752w")
volume_db = -80.0
script = ExtResource("7_7l64u")

[node name="CourtyardAmbience2" type="Area3D" parent="AudioManager" node_paths=PackedStringArray("ambient_player")]
transform = Transform3D(-1.6568569, 0, 2.3147861e-07, 0, 0.9844049, 0, -2.501784e-07, 0, -1.5330132, 9.621803, 1.6918367, -6.8670936)
script = ExtResource("4_srpf7")
ambient_player = NodePath("AmbientPlayer")

[node name="CollisionShape3D" type="CollisionShape3D" parent="AudioManager/CourtyardAmbience2"]
transform = Transform3D(5.97, 0, 0, 0, 3.347, 0, 0, 0, 3.692, -0.19262695, -0.03813526, 0)
shape = SubResource("BoxShape3D_srpf7")

[node name="AmbientPlayer" type="AudioStreamPlayer" parent="AudioManager/CourtyardAmbience2"]
stream = ExtResource("9_m752w")
volume_db = -80.0
script = ExtResource("7_7l64u")

[node name="EntranceAmbience2" type="Area3D" parent="AudioManager" node_paths=PackedStringArray("ambient_player")]
transform = Transform3D(-2.2221208, 0, 6.299442e-07, 0, 0.9844049, 0, -3.3553093e-07, 0, -4.1719313, -0.40146208, 1.6918367, -1.9604846)
script = ExtResource("4_srpf7")
ambient_player = NodePath("AmbientPlayer")

[node name="CollisionShape3D" type="CollisionShape3D" parent="AudioManager/EntranceAmbience2"]
transform = Transform3D(5.97, 0, 0, 0, 3.347, 0, 0, 0, 3.692, -0.19262695, -0.03813526, 0)
shape = SubResource("BoxShape3D_srpf7")

[node name="AmbientPlayer" type="AudioStreamPlayer" parent="AudioManager/EntranceAmbience2"]
stream = ExtResource("9_c228y")
volume_db = -80.0
script = ExtResource("7_mqldn")

[node name="HallwayAmbience" type="Area3D" parent="AudioManager" node_paths=PackedStringArray("ambient_player")]
transform = Transform3D(-2.4207408, 0, 4.7890484e-07, 0, 0.9844049, 0, -3.6552171e-07, 0, -3.1716423, 14.059596, 1.6918367, 7.7782173)
script = ExtResource("4_srpf7")
ambient_player = NodePath("AmbientPlayer")

[node name="CollisionShape3D" type="CollisionShape3D" parent="AudioManager/HallwayAmbience"]
transform = Transform3D(6.7027, 0, 0, 0, 3.347, 0, 0, 0, 4.256117, -0.07185666, -0.03813526, -0.22745977)
shape = SubResource("BoxShape3D_srpf7")

[node name="AmbientPlayer" type="AudioStreamPlayer" parent="AudioManager/HallwayAmbience"]
stream = ExtResource("8_m752w")
volume_db = -80.0
script = ExtResource("11_nom3i")

[node name="Cam2Ambience" type="Area3D" parent="AudioManager" node_paths=PackedStringArray("ambient_player")]
transform = Transform3D(-2.2702975, 0, 1.0878445e-06, 0, 0.9844049, 0, -3.4280544e-07, 0, -7.2044673, 20.544422, 1.6918367, -11.031753)
script = ExtResource("4_srpf7")
ambient_player = NodePath("AmbientPlayer")

[node name="CollisionShape3D" type="CollisionShape3D" parent="AudioManager/Cam2Ambience"]
transform = Transform3D(5.97, 0, 0, 0, 3.347, 0, 0, 0, 3.692, -0.19262695, -0.03813526, 0)
shape = SubResource("BoxShape3D_srpf7")

[node name="AmbientPlayer" type="AudioStreamPlayer" parent="AudioManager/Cam2Ambience"]
stream = ExtResource("11_0go4e")
volume_db = -80.0
script = ExtResource("15_qjc2r")
fade_out_time = 2.5

[node name="BasementAmbience" type="Area3D" parent="AudioManager" node_paths=PackedStringArray("ambient_player")]
transform = Transform3D(-4.4120193, 0, 2.5110692e-06, 0, 1.8963623, 0, -6.6619646e-07, 0, -16.630054, 11.291926, -4.835986, -34.47312)
script = ExtResource("4_srpf7")
ambient_player = NodePath("AmbientPlayer")

[node name="CollisionShape3D" type="CollisionShape3D" parent="AudioManager/BasementAmbience"]
transform = Transform3D(5.97, 0, 0, 0, 3.347, 0, 0, 0, 3.692, -0.19262695, -0.03813526, 0)
shape = SubResource("BoxShape3D_srpf7")

[node name="AmbientPlayer" type="AudioStreamPlayer" parent="AudioManager/BasementAmbience"]
stream = ExtResource("10_mxak7")
volume_db = -80.0
script = ExtResource("13_yl0if")
fade_out_time = 2.5

[node name="StairwellAmbience" type="Area3D" parent="AudioManager" node_paths=PackedStringArray("ambient_player")]
transform = Transform3D(-0.989701, 0, 2.8024846e-07, 0, 4.823184, 0, -1.4944071e-07, 0, -1.8560014, 9.706376, 2.8686678, -1.2725266)
script = ExtResource("4_srpf7")
ambient_player = NodePath("AmbientPlayer")

[node name="CollisionShape3D" type="CollisionShape3D" parent="AudioManager/StairwellAmbience"]
transform = Transform3D(5.97, 0, 0, 0, 3.347, 0, 0, 0, 3.692, -0.19262695, -0.03813526, 0)
shape = SubResource("BoxShape3D_srpf7")

[node name="AmbientPlayer" type="AudioStreamPlayer" parent="AudioManager/StairwellAmbience"]
stream = ExtResource("12_m0x24")
volume_db = -80.0
script = ExtResource("17_jksws")

[node name="NPC" parent="." groups=["dialog"] instance=ExtResource("11_m752w")]
transform = Transform3D(0.41380367, 0, 0.9103662, 0, 1, 0, -0.9103662, 0, 0.41380367, -19.76845, 1.1493983, -15.063415)
dialogue = "alter_1"

[node name="PlayerController" parent="." instance=ExtResource("2_k3gsl")]
transform = Transform3D(1, 0, 0, 0, 1, 0, 0, 0, 1, -19.781418, 1.2883838, -12.230957)

[node name="1cam" type="StaticBody3D" parent="."]
transform = Transform3D(1, 0, 0, 0, 1, 0, 0, 0, 1, -3.2202144, -0.5653784, -22.442816)

[node name="CSGBox3D2" type="CSGBox3D" parent="1cam"]
transform = Transform3D(-0.31460547, 0, -0.9492225, 0, 1, 0, 0.9492225, 0, -0.31460547, 0.13006067, 1.4625645, -0.7605896)
size = Vector3(0.5371094, 0.8399658, 1)

[node name="Sprite3D1" type="Sprite3D" parent="1cam/CSGBox3D2"]
transform = Transform3D(-0.31460547, 0, 0.9492225, 0, 1, 0, -0.9492225, 0, -0.31460547, 0.088544846, 0.65964484, -0.052452087)
texture = SubResource("ViewportTexture_wbvmf")

[node name="SubViewport" type="SubViewport" parent="1cam/CSGBox3D2/Sprite3D1"]
transparent_bg = true
size = Vector2i(62, 32)

[node name="Label" type="Label" parent="1cam/CSGBox3D2/Sprite3D1/SubViewport"]
offset_right = 40.0
offset_bottom = 23.0

[node name="TextEdit" type="TextEdit" parent="1cam/CSGBox3D2/Sprite3D1/SubViewport/Label"]
layout_mode = 0
offset_right = 59.0
offset_bottom = 40.0
text = "1 cam"

[node name="CSGBakedCollisionShape3D2" type="CollisionShape3D" parent="1cam"]
transform = Transform3D(-0.31460547, 0, -0.9492225, 0, 1, 0, 0.9492225, 0, -0.31460547, 0.13006067, 1.4625645, -0.7605896)
shape = SubResource("ConcavePolygonShape3D_m752w")

[node name="2cam" type="StaticBody3D" parent="."]
transform = Transform3D(-0.2896667, 0, 0.9571276, 0, 1, 0, -0.9571276, 0, -0.2896667, 18.372925, -1.0916973, -13.086376)

[node name="CSGBox3D2" type="CSGBox3D" parent="2cam"]
transform = Transform3D(-0.31460547, 0, -0.9492225, 0, 1, 0, 0.9492225, 0, -0.31460547, 0.13006067, 1.4625645, -0.7605896)
size = Vector3(0.5371094, 0.8399658, 1)

[node name="Sprite3D3" type="Sprite3D" parent="2cam/CSGBox3D2"]
transform = Transform3D(-0.31460547, 0, 0.9492225, 0, 1, 0, -0.9492225, 0, -0.31460547, 0.088544846, 0.65964484, -0.052452087)
texture = SubResource("ViewportTexture_7ax8x")

[node name="SubViewport" type="SubViewport" parent="2cam/CSGBox3D2/Sprite3D3"]
transparent_bg = true
size = Vector2i(62, 32)

[node name="Label" type="Label" parent="2cam/CSGBox3D2/Sprite3D3/SubViewport"]
offset_right = 40.0
offset_bottom = 23.0

[node name="TextEdit" type="TextEdit" parent="2cam/CSGBox3D2/Sprite3D3/SubViewport/Label"]
layout_mode = 0
offset_right = 59.0
offset_bottom = 40.0
text = "2 cam"

[node name="CSGBakedCollisionShape3D2" type="CollisionShape3D" parent="2cam"]
transform = Transform3D(-0.31460547, 0, -0.9492225, 0, 1, 0, 0.9492225, 0, -0.31460547, 0.13006067, 1.4625645, -0.7605896)
shape = SubResource("ConcavePolygonShape3D_m752w")

[node name="cam3" type="StaticBody3D" parent="."]
transform = Transform3D(-0.9623414, 0, -0.27184367, 0, 1, 0, 0.27184367, 0, -0.9623414, 8.006566, -1.0916976, 11.092229)

[node name="CSGBox3D2" type="CSGBox3D" parent="cam3"]
transform = Transform3D(-0.31460547, 0, -0.9492225, 0, 1, 0, 0.9492225, 0, -0.31460547, 0.13006067, 1.4625645, -0.7605896)
size = Vector3(0.5371094, 0.8399658, 1)

[node name="Sprite3D" type="Sprite3D" parent="cam3/CSGBox3D2"]
transform = Transform3D(-0.31460547, 0, 0.9492225, 0, 1, 0, -0.9492225, 0, -0.31460547, 0.088544846, 0.65964484, -0.052452087)
texture = SubResource("ViewportTexture_k1fi4")

[node name="SubViewport" type="SubViewport" parent="cam3/CSGBox3D2/Sprite3D"]
transparent_bg = true
size = Vector2i(62, 32)

[node name="Label" type="Label" parent="cam3/CSGBox3D2/Sprite3D/SubViewport"]
offset_right = 40.0
offset_bottom = 23.0

[node name="TextEdit" type="TextEdit" parent="cam3/CSGBox3D2/Sprite3D/SubViewport/Label"]
layout_mode = 0
offset_right = 59.0
offset_bottom = 40.0
text = "3 cam"

[node name="CSGBakedCollisionShape3D2" type="CollisionShape3D" parent="cam3"]
transform = Transform3D(-0.31460547, 0, -0.9492225, 0, 1, 0, 0.9492225, 0, -0.31460547, 0.13006067, 1.4625645, -0.7605896)
shape = SubResource("ConcavePolygonShape3D_m752w")

[node name="cam4" type="StaticBody3D" parent="."]
transform = Transform3D(0.0447703, 0, -0.99899733, 0, 1, 0, 0.99899733, 0, 0.0447703, -2.3078024, -1.0916973, -3.579625)

[node name="CSGBox3D2" type="CSGBox3D" parent="cam4"]
transform = Transform3D(-0.31460547, 0, -0.9492225, 0, 1, 0, 0.9492225, 0, -0.31460547, 0.13006067, 1.4625645, -0.7605896)
size = Vector3(0.5371094, 0.8399658, 1)

[node name="Sprite3D" type="Sprite3D" parent="cam4/CSGBox3D2"]
transform = Transform3D(-0.31460547, 0, 0.9492225, 0, 1, 0, -0.9492225, 0, -0.31460547, 0.088544846, 0.65964484, -0.052452087)
texture = SubResource("ViewportTexture_mxak7")

[node name="SubViewport" type="SubViewport" parent="cam4/CSGBox3D2/Sprite3D"]
transparent_bg = true
size = Vector2i(62, 32)

[node name="Label" type="Label" parent="cam4/CSGBox3D2/Sprite3D/SubViewport"]
offset_right = 40.0
offset_bottom = 23.0

[node name="TextEdit" type="TextEdit" parent="cam4/CSGBox3D2/Sprite3D/SubViewport/Label"]
layout_mode = 0
offset_right = 59.0
offset_bottom = 40.0
text = "4 cam"

[node name="CSGBakedCollisionShape3D2" type="CollisionShape3D" parent="cam4"]
transform = Transform3D(-0.31460547, 0, -0.9492225, 0, 1, 0, 0.9492225, 0, -0.31460547, 0.13006067, 1.4625645, -0.7605896)
shape = SubResource("ConcavePolygonShape3D_m752w")
