[gd_scene load_steps=18 format=3 uid="uid://cqttd845lqbw2"]

[ext_resource type="Script" uid="uid://6v0l2fk68qyi" path="res://scenes/levels/fabric_blockout.gd" id="1_4d3ts"]
[ext_resource type="PackedScene" uid="uid://bbck6ynukyxtp" path="res://scenes/utilities/player_controller.tscn" id="2_k3gsl"]
[ext_resource type="PackedScene" uid="uid://dkdm20efngy2d" path="res://scenes/levels/fabric-blockout_old.tscn" id="2_wbvmf"]
[ext_resource type="AudioStream" uid="uid://bs7bstle7lybp" path="res://assets/sfx/OutdoorAmbience.mp3" id="4_fxuma"]
[ext_resource type="Script" uid="uid://coc712db3eq6g" path="res://scenes/sound/RoomArea.gd" id="4_srpf7"]
[ext_resource type="Script" uid="uid://bxgpxcfc0b5tp" path="res://scenes/sound/OutdoorAmbientPlayer.gd" id="6_mqldn"]
[ext_resource type="Script" uid="uid://sdgnxbg5gmdi" path="res://scenes/sound/EntranceAmbientPlayer.gd" id="7_mqldn"]
[ext_resource type="AudioStream" uid="uid://bsl6lnd2tpxiu" path="res://assets/sfx/EntranceAmbience.mp3" id="7_mu5rc"]
[ext_resource type="AudioStream" uid="uid://debqhogdvjkrm" path="res://assets/sfx/Entrance2Ambience.mp3" id="9_c228y"]
[ext_resource type="PackedScene" uid="uid://cshkbl1rcpcvp" path="res://scenes/utilities/npc.tscn" id="11_m752w"]

[sub_resource type="BoxShape3D" id="BoxShape3D_fxuma"]
size = Vector3(5.6073, 1.2811279, 2.5268555)

[sub_resource type="BoxShape3D" id="BoxShape3D_srpf7"]

[sub_resource type="ViewportTexture" id="ViewportTexture_wbvmf"]
viewport_path = NodePath("1cam/CSGBox3D2/Sprite3D1/SubViewport")

[sub_resource type="ConcavePolygonShape3D" id="ConcavePolygonShape3D_m752w"]
data = PackedVector3Array(-0.2685547, -0.4199829, 0.5, -0.2685547, -0.4199829, -0.5, -0.2685547, 0.4199829, -0.5, 0.2685547, -0.4199829, -0.5, -0.2685547, -0.4199829, -0.5, -0.2685547, -0.4199829, 0.5, -0.2685547, 0.4199829, -0.5, -0.2685547, -0.4199829, -0.5, 0.2685547, -0.4199829, -0.5, -0.2685547, 0.4199829, -0.5, -0.2685547, 0.4199829, 0.5, -0.2685547, -0.4199829, 0.5, -0.2685547, -0.4199829, 0.5, -0.2685547, 0.4199829, 0.5, 0.2685547, 0.4199829, 0.5, 0.2685547, 0.4199829, 0.5, -0.2685547, 0.4199829, 0.5, -0.2685547, 0.4199829, -0.5, -0.2685547, -0.4199829, 0.5, 0.2685547, -0.4199829, 0.5, 0.2685547, -0.4199829, -0.5, 0.2685547, 0.4199829, 0.5, 0.2685547, -0.4199829, 0.5, -0.2685547, -0.4199829, 0.5, 0.2685547, -0.4199829, -0.5, 0.2685547, -0.4199829, 0.5, 0.2685547, 0.4199829, 0.5, 0.2685547, -0.4199829, -0.5, 0.2685547, 0.4199829, -0.5, -0.2685547, 0.4199829, -0.5, -0.2685547, 0.4199829, -0.5, 0.2685547, 0.4199829, -0.5, 0.2685547, 0.4199829, 0.5, 0.2685547, 0.4199829, 0.5, 0.2685547, 0.4199829, -0.5, 0.2685547, -0.4199829, -0.5)

[sub_resource type="ViewportTexture" id="ViewportTexture_7ax8x"]
viewport_path = NodePath("2cam/CSGBox3D2/Sprite3D3/SubViewport")

[sub_resource type="ViewportTexture" id="ViewportTexture_k1fi4"]
viewport_path = NodePath("cam3/CSGBox3D2/Sprite3D/SubViewport")

[sub_resource type="ViewportTexture" id="ViewportTexture_mxak7"]
viewport_path = NodePath("cam4/CSGBox3D2/Sprite3D/SubViewport")

[node name="FabricBlockout" type="Node3D"]
script = ExtResource("1_4d3ts")

[node name="FabricBlockout_old" parent="." instance=ExtResource("2_wbvmf")]

[node name="AudioManager" type="Node" parent="."]

[node name="OutdoorReverbZone" type="Area3D" parent="AudioManager"]
transform = Transform3D(1, 0, 0, 0, 1, 0, 0, 0, 1, -11.603569, 1.7331916, -8.874054)
visible = false
reverb_bus_enabled = true
reverb_bus_name = &"SFXReverb"
reverb_bus_amount = 1.0

[node name="CollisionShape3D" type="CollisionShape3D" parent="AudioManager/OutdoorReverbZone"]
transform = Transform3D(2.79241, 0, 0, 0, 2.0380175, 0, 0, 0, 10.629264, -1.9744911, -0.32483077, -3.7957573)
shape = SubResource("BoxShape3D_fxuma")

[node name="OutdoorAmbience" type="Area3D" parent="AudioManager" node_paths=PackedStringArray("ambient_player")]
transform = Transform3D(-2.6791933, 0, 1.5099579e-06, 0, 4.741, 0, -4.04547e-07, 0, -9.999999, -13.765028, 1.887105, -13.605251)
script = ExtResource("4_srpf7")
ambient_player = NodePath("AmbientPlayer")

[node name="CollisionShape3D" type="CollisionShape3D" parent="AudioManager/OutdoorAmbience"]
transform = Transform3D(5.97, 0, 0, 0, 3.347, 0, 0, 0, 3.692, -0.19262695, -0.03813526, 0)
shape = SubResource("BoxShape3D_srpf7")

[node name="AmbientPlayer" type="AudioStreamPlayer" parent="AudioManager/OutdoorAmbience"]
stream = ExtResource("4_fxuma")
volume_db = -45.333
script = ExtResource("6_mqldn")

[node name="EntranceAmbiance" type="Area3D" parent="AudioManager" node_paths=PackedStringArray("ambient_player")]
transform = Transform3D(-1.2010933, 0, 2.711692e-07, 0, 2.232675, 0, -1.8136004e-07, 0, -1.7958723, -3.4778614, 2.1193774, -22.98089)
visible = false
script = ExtResource("4_srpf7")
ambient_player = NodePath("AmbientPlayer")

[node name="CollisionShape3D" type="CollisionShape3D" parent="AudioManager/EntranceAmbiance"]
transform = Transform3D(5.97, 0, 0, 0, 3.347, 0, 0, 0, 3.692, -0.19262695, -0.03813526, 0)
shape = SubResource("BoxShape3D_srpf7")

[node name="AmbientPlayer" type="AudioStreamPlayer" parent="AudioManager/EntranceAmbiance"]
stream = ExtResource("7_mu5rc")
volume_db = -80.0
script = ExtResource("7_mqldn")

[node name="EntranceAmbiance2" type="Area3D" parent="AudioManager" node_paths=PackedStringArray("ambient_player")]
transform = Transform3D(-2.3469005, 0, 6.299442e-07, 0, 0.9844049, 0, -3.5437213e-07, 0, -4.1719313, 0.22975802, 1.6918367, -1.9604845)
script = ExtResource("4_srpf7")
ambient_player = NodePath("AmbientPlayer")

[node name="CollisionShape3D" type="CollisionShape3D" parent="AudioManager/EntranceAmbiance2"]
transform = Transform3D(5.97, 0, 0, 0, 3.347, 0, 0, 0, 3.692, -0.19262695, -0.03813526, 0)
shape = SubResource("BoxShape3D_srpf7")

[node name="AmbientPlayer" type="AudioStreamPlayer" parent="AudioManager/EntranceAmbiance2"]
stream = ExtResource("9_c228y")
volume_db = -80.0
script = ExtResource("7_mqldn")

[node name="NPC" parent="." groups=["dialog"] instance=ExtResource("11_m752w")]
transform = Transform3D(0.41380367, 0, 0.9103662, 0, 1, 0, -0.9103662, 0, 0.41380367, -19.76845, 1.1493983, -15.063415)
dialogue = "alter_1"

[node name="PlayerController" parent="." instance=ExtResource("2_k3gsl")]
transform = Transform3D(1, 0, 0, 0, 1, 0, 0, 0, 1, -19.781418, 1.2883838, -12.230957)

[node name="1cam" type="StaticBody3D" parent="."]
transform = Transform3D(1, 0, 0, 0, 1, 0, 0, 0, 1, -3.2202144, -0.5653784, -22.442816)

[node name="CSGBox3D2" type="CSGBox3D" parent="1cam"]
transform = Transform3D(-0.31460547, 0, -0.9492225, 0, 1, 0, 0.9492225, 0, -0.31460547, 0.13006067, 1.4625645, -0.7605896)
size = Vector3(0.5371094, 0.8399658, 1)

[node name="Sprite3D1" type="Sprite3D" parent="1cam/CSGBox3D2"]
transform = Transform3D(-0.31460547, 0, 0.9492225, 0, 1, 0, -0.9492225, 0, -0.31460547, 0.088544846, 0.65964484, -0.052452087)
texture = SubResource("ViewportTexture_wbvmf")

[node name="SubViewport" type="SubViewport" parent="1cam/CSGBox3D2/Sprite3D1"]
transparent_bg = true
size = Vector2i(62, 32)

[node name="Label" type="Label" parent="1cam/CSGBox3D2/Sprite3D1/SubViewport"]
offset_right = 40.0
offset_bottom = 23.0

[node name="TextEdit" type="TextEdit" parent="1cam/CSGBox3D2/Sprite3D1/SubViewport/Label"]
layout_mode = 0
offset_right = 59.0
offset_bottom = 40.0
text = "1 cam"

[node name="CSGBakedCollisionShape3D2" type="CollisionShape3D" parent="1cam"]
transform = Transform3D(-0.31460547, 0, -0.9492225, 0, 1, 0, 0.9492225, 0, -0.31460547, 0.13006067, 1.4625645, -0.7605896)
shape = SubResource("ConcavePolygonShape3D_m752w")

[node name="2cam" type="StaticBody3D" parent="."]
transform = Transform3D(-0.2896667, 0, 0.9571276, 0, 1, 0, -0.9571276, 0, -0.2896667, 18.372925, -1.0916973, -13.086376)

[node name="CSGBox3D2" type="CSGBox3D" parent="2cam"]
transform = Transform3D(-0.31460547, 0, -0.9492225, 0, 1, 0, 0.9492225, 0, -0.31460547, 0.13006067, 1.4625645, -0.7605896)
size = Vector3(0.5371094, 0.8399658, 1)

[node name="Sprite3D3" type="Sprite3D" parent="2cam/CSGBox3D2"]
transform = Transform3D(-0.31460547, 0, 0.9492225, 0, 1, 0, -0.9492225, 0, -0.31460547, 0.088544846, 0.65964484, -0.052452087)
texture = SubResource("ViewportTexture_7ax8x")

[node name="SubViewport" type="SubViewport" parent="2cam/CSGBox3D2/Sprite3D3"]
transparent_bg = true
size = Vector2i(62, 32)

[node name="Label" type="Label" parent="2cam/CSGBox3D2/Sprite3D3/SubViewport"]
offset_right = 40.0
offset_bottom = 23.0

[node name="TextEdit" type="TextEdit" parent="2cam/CSGBox3D2/Sprite3D3/SubViewport/Label"]
layout_mode = 0
offset_right = 59.0
offset_bottom = 40.0
text = "2 cam"

[node name="CSGBakedCollisionShape3D2" type="CollisionShape3D" parent="2cam"]
transform = Transform3D(-0.31460547, 0, -0.9492225, 0, 1, 0, 0.9492225, 0, -0.31460547, 0.13006067, 1.4625645, -0.7605896)
shape = SubResource("ConcavePolygonShape3D_m752w")

[node name="cam3" type="StaticBody3D" parent="."]
transform = Transform3D(-0.9623414, 0, -0.27184367, 0, 1, 0, 0.27184367, 0, -0.9623414, 8.006566, -1.0916976, 11.092229)

[node name="CSGBox3D2" type="CSGBox3D" parent="cam3"]
transform = Transform3D(-0.31460547, 0, -0.9492225, 0, 1, 0, 0.9492225, 0, -0.31460547, 0.13006067, 1.4625645, -0.7605896)
size = Vector3(0.5371094, 0.8399658, 1)

[node name="Sprite3D" type="Sprite3D" parent="cam3/CSGBox3D2"]
transform = Transform3D(-0.31460547, 0, 0.9492225, 0, 1, 0, -0.9492225, 0, -0.31460547, 0.088544846, 0.65964484, -0.052452087)
texture = SubResource("ViewportTexture_k1fi4")

[node name="SubViewport" type="SubViewport" parent="cam3/CSGBox3D2/Sprite3D"]
transparent_bg = true
size = Vector2i(62, 32)

[node name="Label" type="Label" parent="cam3/CSGBox3D2/Sprite3D/SubViewport"]
offset_right = 40.0
offset_bottom = 23.0

[node name="TextEdit" type="TextEdit" parent="cam3/CSGBox3D2/Sprite3D/SubViewport/Label"]
layout_mode = 0
offset_right = 59.0
offset_bottom = 40.0
text = "3 cam"

[node name="CSGBakedCollisionShape3D2" type="CollisionShape3D" parent="cam3"]
transform = Transform3D(-0.31460547, 0, -0.9492225, 0, 1, 0, 0.9492225, 0, -0.31460547, 0.13006067, 1.4625645, -0.7605896)
shape = SubResource("ConcavePolygonShape3D_m752w")

[node name="cam4" type="StaticBody3D" parent="."]
transform = Transform3D(0.0447703, 0, -0.99899733, 0, 1, 0, 0.99899733, 0, 0.0447703, -2.3078024, -1.0916973, -3.579625)

[node name="CSGBox3D2" type="CSGBox3D" parent="cam4"]
transform = Transform3D(-0.31460547, 0, -0.9492225, 0, 1, 0, 0.9492225, 0, -0.31460547, 0.13006067, 1.4625645, -0.7605896)
size = Vector3(0.5371094, 0.8399658, 1)

[node name="Sprite3D" type="Sprite3D" parent="cam4/CSGBox3D2"]
transform = Transform3D(-0.31460547, 0, 0.9492225, 0, 1, 0, -0.9492225, 0, -0.31460547, 0.088544846, 0.65964484, -0.052452087)
texture = SubResource("ViewportTexture_mxak7")

[node name="SubViewport" type="SubViewport" parent="cam4/CSGBox3D2/Sprite3D"]
transparent_bg = true
size = Vector2i(62, 32)

[node name="Label" type="Label" parent="cam4/CSGBox3D2/Sprite3D/SubViewport"]
offset_right = 40.0
offset_bottom = 23.0

[node name="TextEdit" type="TextEdit" parent="cam4/CSGBox3D2/Sprite3D/SubViewport/Label"]
layout_mode = 0
offset_right = 59.0
offset_bottom = 40.0
text = "4 cam"

[node name="CSGBakedCollisionShape3D2" type="CollisionShape3D" parent="cam4"]
transform = Transform3D(-0.31460547, 0, -0.9492225, 0, 1, 0, 0.9492225, 0, -0.31460547, 0.13006067, 1.4625645, -0.7605896)
shape = SubResource("ConcavePolygonShape3D_m752w")
